./data/000/000001.png,0.0,0,0,0,0
./data/000/000002.png,0.0,0,0,0,0
./data/000/000003.png,0.0,0,0,0,0
./data/000/000004.png,0.0,0,0,0,0
./data/000/000005.png,0.0,0,0,0,0
./data/000/000006.png,0.0,0,0,0,0
./data/000/000007.png,0.0,0,0,0,0
./data/000/000008.png,0.0,0,0,0,0
./data/000/000009.png,0.0,0,0,0,0
./data/000/000010.png,0.0,0,0,0,0
./data/000/000011.png,0.0,0,0,0,0
./data/000/000012.png,0.0,0,0,0,0
./data/000/000013.png,0.0,0,0,0,0
./data/000/000014.png,0.0,0,0,0,0
./data/000/000015.png,0.0,0,0,0,0
./data/000/000016.png,0.0,0,0,0,0
./data/000/000017.png,0.0,0,0,0,0
./data/000/000018.png,0.272648654514,0.999227762222,0.227469280362,0.584290876985,1
./data/000/000019.png,0.272427300347,0.985324084759,0.282282285392,0.563744947314,0
./data/000/000020.png,0.0,0,0,0,0
./data/000/000021.png,0.0,0,0,0,0
./data/000/000022.png,0.0,0,0,0,0
./data/000/000023.png,0.0,0,0,0,0
./data/000/000024.png,0.0,0,0,0,0
./data/000/000025.png,0.0,0,0,0,0
./data/000/000026.png,0.0,0,0,0,0
./data/000/000027.png,0.181909722222,0.82570117712,0.416189014912,0.546834826469,0
./data/000/000028.png,0.0,0,0,0,0
./data/000/000029.png,0.0,0,0,0,0
./data/000/000030.png,0.0,0,0,0,0
./data/000/000031.png,0.0,0,0,0,0
./data/000/000032.png,0.0,0,0,0,0
./data/000/000033.png,0.0,0,0,0,0
./data/000/000034.png,0.0,0,0,0,0
./data/000/000035.png,0.0,0,0,0,0
./data/000/000036.png,0.0,0,0,0,0
./data/000/000037.png,0.0,0,0,0,0
./data/000/000038.png,0.0,0,0,0,0
./data/000/000039.png,0.0,0,0,0,0
./data/000/000040.png,0.0489029947917,0.915362417698,0.516949877143,0.605164766312,1
./data/000/000041.png,0.0,0,0,0,0
./data/000/000042.png,0.0,0,0,0,0
./data/000/000043.png,0.0,0,0,0,0
./data/000/000044.png,0.0,0,0,0,0
./data/000/000045.png,0.0,0,0,0,0
./data/000/000046.png,0,0,0,0,0
./data/000/000047.png,0.0,0,0,0,0
./data/000/000048.png,0.0,0,0,0,0
./data/000/000049.png,0.0824869791667,0.76039659977,0.447599112988,0.749111369252,0
./data/000/000050.png,0.0,0,0,0,0
./data/000/000051.png,0.0447829861111,0.835018575191,0.35548299551,0.665053069592,0
./data/000/000052.png,0.0,0,0,0,0
./data/000/000053.png,0.0,0,0,0,0
./data/000/000054.png,0.0,0,0,0,0
./data/000/000055.png,0.104978298611,0.968939244747,0.142387449741,0.813769519329,0
./data/000/000056.png,0.0,0,0,0,0
./data/000/000057.png,0.269184027778,0.996997117996,0.586486101151,0.622028425336,0
./data/000/000058.png,0.0,0,0,0,0
./data/000/000059.png,0.0,0,0,0,0
./data/000/000060.png,0.0,0,0,0,0
./data/000/000061.png,0.0,0,0,0,0
./data/000/000062.png,0,0,0,0,0
./data/000/000063.png,0.235703125,0.986842215061,0.16821756959,0.643333137035,0
./data/000/000064.png,0.0,0,0,0,0
./data/000/000065.png,0.0,0,0,0,0
./data/000/000066.png,0.169548611111,0.646149516106,0.103573124856,0.517299413681,0
./data/000/000067.png,0.0,0,0,0,0
./data/000/000068.png,0.0,0,0,0,0
./data/000/000069.png,0.0,0,0,0,0
./data/000/000070.png,0.0,0,0,0,0
./data/000/000071.png,0.0,0,0,0,0
./data/000/000072.png,0.0,0,0,0,0
./data/000/000073.png,0.0,0,0,0,0
./data/000/000074.png,0.0,0,0,0,0
./data/000/000075.png,0.0,0,0,0,0
./data/000/000076.png,0.0,0,0,0,0
./data/000/000077.png,0.0602039930556,0.784559547901,0.594508886337,0.766269207001,0
./data/000/000078.png,0.0321180555556,0.72437864542,0.438265129924,0.230244375765,0
./data/000/000079.png,0.222506510417,0.994793951511,0.54525347054,0.666900992393,0
./data/000/000080.png,0.0,0,0,0,0
./data/000/000081.png,0.0,0,0,0,0
./data/000/000082.png,0.0,0,0,0,0
./data/000/000083.png,0.0,0,0,0,0
./data/000/000084.png,0.0,0,0,0,0
./data/000/000085.png,0.0,0,0,0,0
./data/000/000086.png,0.0,0,0,0,0
./data/000/000087.png,0.0,0,0,0,0
./data/000/000088.png,0.0,0,0,0,0
./data/000/000089.png,0.0,0,0,0,0
./data/000/000090.png,0.100944010417,0.616393506527,0.157780393958,0.667640388012,0
./data/000/000091.png,0.122416449653,0.92567461729,0.0884844884276,0.643671527505,0
./data/000/000092.png,0.0476909722222,0.847376823425,0.450780928135,0.81407186389,0
./data/000/000093.png,0.0432877604167,0.932463467121,0.237929970026,0.847486376762,0
./data/000/000094.png,0.0961317274306,0.999118387699,0.255309939384,0.837035894394,0
./data/000/000095.png,0.0,0,0,0,0
./data/000/000096.png,0.0,0,0,0,0
./data/000/000097.png,0.0,0,0,0,0
./data/000/000098.png,0.0,0,0,0,0
./data/000/000099.png,0.0,0,0,0,0
./data/000/000100.png,0.0,0,0,0,0
./data/000/000101.png,0.0,0,0,0,0
./data/000/000102.png,0.0357899305556,0.789285957813,0.37737134099,0.551413848996,0
./data/000/000103.png,0.0,0,0,0,0
./data/000/000104.png,0.0,0,0,0,0
./data/000/000105.png,0.0,0,0,0,0
./data/000/000106.png,0.0,0,0,0,0
./data/000/000107.png,0.0,0,0,0,0
./data/000/000108.png,0.0,0,0,0,0
./data/000/000109.png,0.0,0,0,0,0
./data/000/000110.png,0.0,0,0,0,0
./data/000/000111.png,0.0,0,0,0,0
./data/000/000112.png,0.0,0,0,0,0
./data/000/000113.png,0.0,0,0,0,0
./data/000/000114.png,0.0,0,0,0,0
./data/000/000115.png,0.0,0,0,0,0
./data/000/000116.png,0.0,0,0,0,0
./data/000/000117.png,0.0,0,0,0,0
./data/000/000118.png,0.0,0,0,0,0
./data/000/000119.png,0.0,0,0,0,0
./data/000/000120.png,0.0,0,0,0,0
./data/000/000121.png,0.0,0,0,0,0
./data/000/000122.png,0.0,0,0,0,0
./data/000/000123.png,0.0,0,0,0,0
./data/000/000124.png,0.0,0,0,0,0
./data/000/000125.png,0.0406966145833,0.89443975687,0.830085456371,0.722207486629,0
./data/000/000126.png,0.0,0,0,0,0
./data/000/000127.png,0.0,0,0,0,0
./data/000/000128.png,0.0,0,0,0,0
./data/000/000129.png,0.0,0,0,0,0
./data/000/000130.png,0.0,0,0,0,0
./data/000/000131.png,0.0,0,0,0,0
./data/000/000132.png,0.0,0,0,0,0
./data/000/000133.png,0.0,0,0,0,0
./data/000/000134.png,0.0,0,0,0,0
./data/000/000135.png,0.0,0,0,0,0
./data/000/000136.png,0.0,0,0,0,0
./data/000/000137.png,0.0,0,0,0,0
./data/000/000138.png,0.0,0,0,0,0
./data/000/000139.png,0.0462239583333,0.622551083565,0.941591739655,0.547007679939,0
./data/000/000140.png,0.205088975694,0.876280963421,0.643418237567,0.709867879748,0
./data/000/000141.png,0.238655598958,0.842253923416,0.190230421722,0.322276711464,0
./data/000/000142.png,0.0,0,0,0,0
./data/000/000143.png,0.0,0,0,0,0
./data/000/000144.png,0.0,0,0,0,0
./data/000/000145.png,0.0,0,0,0,0
./data/000/000146.png,0.0,0,0,0,0
./data/000/000147.png,0.0951822916667,0.896076083183,0.248433738947,0.810246348381,0
./data/000/000148.png,0.07109375,0.679529666901,0.265670634806,0.827334344387,0
./data/000/000149.png,0.0,0,0,0,0
./data/000/000150.png,0.164416232639,0.989854931831,0.533489629626,0.774651408195,0
./data/000/000151.png,0.0359613715278,0.94479829073,0.515390977263,0.723739504814,0
./data/000/000152.png,0.045595703125,0.957677662373,0.55431611836,0.758636236191,0
./data/000/000153.png,0.0,0,0,0,0
./data/000/000154.png,0.0326985677083,0.789923965931,0.440300405025,0.224198788404,0
./data/000/000155.png,0.0383658854167,0.991248965263,0.18497524038,0.560737669468,0
./data/000/000156.png,0.0,0,0,0,0
./data/000/000157.png,0.0,0,0,0,0
./data/000/000158.png,0.0,0,0,0,0
./data/000/000159.png,0.0,0,0,0,0
./data/000/000160.png,0.0,0,0,0,0
./data/000/000161.png,0.0,0,0,0,0
./data/000/000162.png,0.0,0,0,0,0
./data/000/000163.png,0.0,0,0,0,0
./data/000/000164.png,0.0,0,0,0,0
./data/000/000165.png,0.0,0,0,0,0
./data/000/000166.png,0.0,0,0,0,0
./data/000/000167.png,0.0,0,0,0,0
./data/000/000168.png,0.0,0,0,0,0
./data/000/000169.png,0.0,0,0,0,0
./data/000/000170.png,0.0,0,0,0,0
./data/000/000171.png,0.0,0,0,0,0
./data/000/000172.png,0.0,0,0,0,0
./data/000/000173.png,0.0,0,0,0,0
./data/000/000174.png,0.0,0,0,0,0
./data/000/000175.png,0.0,0,0,0,0
./data/000/000176.png,0.0,0,0,0,0
./data/000/000177.png,0.0,0,0,0,0
./data/000/000178.png,0.0,0,0,0,0
./data/000/000179.png,0.0,0,0,0,0
./data/000/000180.png,0.0,0,0,0,0
./data/000/000181.png,0.0,0,0,0,0
./data/000/000182.png,0.0,0,0,0,0
./data/000/000183.png,0.0,0,0,0,0
./data/000/000184.png,0.0,0,0,0,0
./data/000/000185.png,0.0,0,0,0,0
./data/000/000186.png,0.0,0,0,0,0
./data/000/000187.png,0.0,0,0,0,0
./data/000/000188.png,0.163342013889,0.998183071613,0.541080951691,0.82789722085,0
./data/000/000189.png,0.0,0,0,0,0
./data/000/000190.png,0.0656467013889,0.997232973576,0.12181968987,0.190817281604,0
./data/000/000191.png,0.321276041667,0.982792198658,0.275716364384,0.76974272728,0
./data/000/000192.png,0.28373046875,0.86748316884,0.300189733505,0.405840545893,0
./data/000/000193.png,0.269457465278,0.662017405033,0.280615568161,0.73883575201,0
./data/000/000194.png,0.100211588542,0.780335903168,0.0974594764411,0.727301582694,0
./data/000/000195.png,0.172574869792,0.978975832462,0.707384824753,0.588290989399,0
./data/000/000196.png,0.0,0,0,0,0
./data/000/000197.png,0.0356380208333,0.855985939503,0.831198692322,0.434557333589,0
./data/000/000198.png,0.201546223958,0.998666882515,0.166622400284,0.647589087486,0
./data/000/000199.png,0.152990451389,0.964649558067,0.136218190193,0.719628959894,0
./data/000/000200.png,0.06328125,0.893246769905,0.8948584795,0.850574731827,0
./data/000/000201.png,0.273542751736,0.837136149406,0.727788329124,0.728439509869,0
./data/000/000202.png,0.216695963542,0.9368019104,0.123927332461,0.770115494728,0
./data/000/000203.png,0.0566493055556,0.774592339993,0.618411004543,0.398913547397,0
./data/000/000204.png,0.0565494791667,0.847430944443,0.717763125896,0.546468138695,0
./data/000/000205.png,0.0825249565972,0.830095827579,0.736260831356,0.543351337314,1
./data/000/000206.png,0.07984375,0.96175211668,0.518600106239,0.202654570341,0
./data/000/000207.png,0.0,0,0,0,0
./data/000/000208.png,0.0683430989583,0.989825665951,0.450557589531,0.450734160841,0
./data/000/000209.png,0.0957096354167,0.780334413052,0.424802049994,0.350213959813,0
./data/000/000210.png,0.134086371528,0.997151970863,0.338430687785,0.621989250183,0
./data/000/000211.png,0.0,0,0,0,0
./data/000/000212.png,0.0,0,0,0,0
./data/000/000213.png,0.0,0,0,0,0
./data/000/000214.png,0.0,0,0,0,0
./data/000/000215.png,0.0,0,0,0,0
./data/000/000216.png,0.0,0,0,0,0
./data/000/000217.png,0.0,0,0,0,0
./data/000/000218.png,0.0,0,0,0,0
./data/000/000219.png,0.0,0,0,0,0
./data/000/000220.png,0.0,0,0,0,0
./data/000/000221.png,0.0,0,0,0,0
./data/000/000222.png,0.0,0,0,0,0
./data/000/000223.png,0.0,0,0,0,0
./data/000/000224.png,0.0,0,0,0,0
./data/000/000225.png,0.0,0,0,0,0
./data/000/000226.png,0.0,0,0,0,0
./data/000/000227.png,0.0,0,0,0,0
./data/000/000228.png,0.185266927083,0.999994277954,0.187854856253,0.275823771954,0
./data/000/000229.png,0.478576388889,0.995172083378,0.242979578674,0.502964243293,1
./data/000/000230.png,0.297413194444,0.719623565674,0.180834889412,0.410687297583,0
./data/000/000231.png,0.41328125,0.96253490448,0.20817771554,0.5,0
./data/000/000232.png,0.337981770833,0.991829931736,0.214867144823,0.53185403347,0
./data/000/000233.png,0.333782552083,0.992996752262,0.195358276367,0.527967274189,0
./data/000/000234.png,0.0,0,0,0,0
./data/000/000235.png,0.0,0,0,0,0
./data/000/000236.png,0.0,0,0,0,0
./data/000/000237.png,0.0,0,0,0,0
./data/000/000238.png,0.0,0,0,0,0
./data/000/000239.png,0.0,0,0,0,0
./data/000/000240.png,0.0,0,0,0,0
./data/000/000241.png,0.0,0,0,0,0
./data/000/000242.png,0.0,0,0,0,0
./data/000/000243.png,0.0,0,0,0,0
./data/000/000244.png,0.0,0,0,0,0
./data/000/000245.png,0.0,0,0,0,0
./data/000/000246.png,0.0,0,0,0,0
./data/000/000247.png,0.0,0,0,0,0
./data/000/000248.png,0.0,0,0,0,0
./data/000/000249.png,0.0,0,0,0,0
./data/000/000250.png,0.0,0,0,0,0
./data/000/000251.png,0.0,0,0,0,0
./data/000/000252.png,0.0,0,0,0,0
./data/000/000253.png,0.0,0,0,0,0
./data/000/000254.png,0.0,0,0,0,0
./data/000/000255.png,0.0,0,0,0,0
./data/000/000256.png,0.0,0,0,0,0
./data/000/000257.png,0.0,0,0,0,0
./data/000/000258.png,0.0,0,0,0,0
./data/000/000259.png,0.0,0,0,0,0
./data/000/000260.png,0.0,0,0,0,0
./data/000/000261.png,0.0,0,0,0,0
./data/000/000262.png,0.0,0,0,0,0
./data/000/000263.png,0.0,0,0,0,0
./data/000/000264.png,0.0,0,0,0,0
./data/000/000265.png,0.0,0,0,0,0
./data/000/000266.png,0.0,0,0,0,0
./data/000/000267.png,0.0,0,0,0,0
./data/000/000268.png,0.0,0,0,0,0
./data/000/000269.png,0.0,0,0,0,0
./data/000/000270.png,0.411214192708,0.974169433117,0.318033456802,0.322585344315,0
./data/000/000271.png,0.0,0,0,0,0
./data/000/000272.png,0.0,0,0,0,0
./data/000/000273.png,0.0,0,0,0,0
./data/000/000274.png,0.0,0,0,0,0
./data/000/000275.png,0.0,0,0,0,0
./data/000/000276.png,0.0,0,0,0,0
./data/000/000277.png,0.0,0,0,0,0
./data/000/000278.png,0.0,0,0,0,0
./data/000/000279.png,0.0,0,0,0,0
./data/000/000280.png,0.0,0,0,0,0
./data/000/000281.png,0.0,0,0,0,0
./data/000/000282.png,0.04087890625,0.764507055283,0.363247931004,0.541857242584,0
./data/000/000283.png,0.0415961371528,0.712648808956,0.608041107655,0.492746174335,0
./data/000/000284.png,0.0,0,0,0,0
./data/000/000285.png,0.148771701389,0.996708631516,0.488891407847,0.400066800416,0
./data/000/000286.png,0.165494791667,0.963862240314,0.521149456501,0.447307303548,0
./data/000/000287.png,0.06541015625,0.840670108795,0.483770057559,0.450132273138,0
./data/000/000288.png,0.0311187065972,0.84879553318,0.414320737123,0.649371087551,0
./data/000/000289.png,0.0,0,0,0,0
./data/000/000290.png,0.0448784722222,0.627597749233,0.494682431221,0.489368140697,0
./data/000/000291.png,0.0,0,0,0,0
./data/000/000292.png,0.0,0,0,0,0
./data/000/000293.png,0,0,0,0,0
./data/000/000294.png,0.0,0,0,0,0
./data/000/000295.png,0.0,0,0,0,0
./data/000/000296.png,0.0,0,0,0,0
./data/000/000297.png,0.0,0,0,0,0
./data/000/000298.png,0.0,0,0,0,0
./data/000/000299.png,0.0,0,0,0,0
./data/000/000300.png,0.0,0,0,0,0
./data/000/000301.png,0.0,0,0,0,0
./data/000/000302.png,0.0,0,0,0,0
./data/000/000303.png,0.0426692708333,0.718909084797,0.267919152975,0.656629443169,0
./data/000/000304.png,0.0538671875,0.879731655121,0.338110774755,0.624246656895,0
./data/000/000305.png,0.0,0,0,0,0
./data/000/000306.png,0.11630859375,0.877334177494,0.323575526476,0.719980165362,0
./data/000/000307.png,0.164453125,0.709003448486,0.374922953546,0.468414753675,0
./data/000/000308.png,0.0,0,0,0,0
./data/000/000309.png,0.0,0,0,0,0
./data/000/000310.png,0.0,0,0,0,0
./data/000/000311.png,0.0,0,0,0,0
./data/000/000312.png,0.0,0,0,0,0
./data/000/000313.png,0.0,0,0,0,0
./data/000/000314.png,0.0,0,0,0,0
./data/000/000315.png,0.0,0,0,0,0
./data/000/000316.png,0.0,0,0,0,0
./data/000/000317.png,0.0,0,0,0,0
./data/000/000318.png,0.0,0,0,0,0
./data/000/000319.png,0.0,0,0,0,0
./data/000/000320.png,0.0,0,0,0,0
./data/000/000321.png,0.0,0,0,0,0
./data/000/000322.png,0.0,0,0,0,1
./data/000/000323.png,0.0,0,0,0,0
./data/000/000324.png,0.0844845920139,0.977534174919,0.3975661695,0.49115857482,0
./data/000/000325.png,0.166493055556,0.990894913673,0.316561236978,0.558075666428,0
./data/000/000326.png,0.191102430556,0.987314939499,0.202248215675,0.728749394417,0
./data/000/000327.png,0.124307725694,0.988059341908,0.137237541378,0.754313468933,0
./data/000/000328.png,0.0864518229167,0.917274177074,0.200907193124,0.537596106529,0
./data/000/000329.png,0.0877430555556,0.759378969669,0.189747035503,0.567902445793,0
./data/000/000330.png,0.0,0,0,0,0
./data/000/000331.png,0.0,0,0,0,0
./data/000/000332.png,0.0,0,0,0,0
./data/000/000333.png,0.0,0,0,0,0
./data/000/000334.png,0.0467545572917,0.973155021667,0.267675131559,0.399329170585,1
./data/000/000335.png,0.295526258681,0.996786832809,0.328329972923,0.520292878151,0
./data/000/000336.png,0.0,0,0,0,0
./data/000/000337.png,0.0,0,0,0,0
./data/000/000338.png,0.0,0,0,0,0
./data/000/000339.png,0.0,0,0,0,0
./data/000/000340.png,0.0,0,0,0,0
./data/000/000341.png,0.150602213542,0.726013660431,0.655993878841,0.470245838165,0
./data/000/000342.png,0.148544921875,0.99973744154,0.838750183582,0.546607330441,0
./data/000/000343.png,0.0,0,0,0,0
./data/000/000344.png,0.63728515625,0.829856693745,0.554145798087,0.528618514538,0
./data/000/000345.png,0.3356640625,0.996949851513,0.457199037075,0.499388366938,0
./data/000/000346.png,0.351080729167,0.79983830452,0.178364261985,0.502401515841,0
./data/000/000347.png,0.598182508681,0.998703837395,0.324190571904,0.538586974144,0
./data/000/000348.png,0.0,0,0,0,0
./data/000/000349.png,0.705833333333,0.99971061945,0.392848625779,0.488940536976,1
./data/000/000350.png,0.696875,0.999940276146,0.545279100537,0.499987602234,1
./data/000/000351.png,0.672305772569,0.999965906143,0.534963324666,0.496970832348,1
./data/000/000352.png,0.701063368056,0.999934434891,0.529760465026,0.497167110443,1
./data/000/000353.png,0.67578125,0.999945044518,0.533856451511,0.499602496624,1
./data/000/000354.png,0.692415364583,0.999942421913,0.529772117734,0.49733287096,1
./data/000/000355.png,0.669817708333,0.999947071075,0.520919755101,0.495810925961,1
./data/000/000356.png,0.60703125,0.997731864452,0.598343610764,0.5,1
./data/000/000357.png,0.54921875,0.939157068729,0.72546184063,0.5,0
./data/000/000358.png,0.500785590278,0.997155189514,0.475200384855,0.431360185146,0
./data/000/000359.png,0.0,0,0,0,0
./data/000/000360.png,0,0,0,0,0
./data/000/000361.png,0,0,0,0,0
./data/000/000362.png,0.0,0,0,0,0
./data/000/000363.png,0.0,0,0,0,0
./data/000/000364.png,0.0,0,0,0,0
./data/000/000365.png,0.0,0,0,0,0
