./data/001/000001.png,0.486215277778,0.988570034504,0.489843830466,0.628370195627,0
./data/001/000002.png,0.448665364583,0.996114015579,0.477108061314,0.627411425114,0
./data/001/000003.png,0.0,0,0,0,0
./data/001/000004.png,0.0,0,0,0,0
./data/001/000005.png,0.0,0,0,0,0
./data/001/000006.png,0.778984375,0.990876972675,0.515291154385,0.494296073914,1
./data/001/000007.png,0.0,0,0,0,1
./data/001/000008.png,0.0,0,0,0,0
./data/001/000009.png,0.551182725694,0.982058048248,0.565588414669,0.510264232755,0
./data/001/000010.png,0.596319444444,0.939722001553,0.40478245914,0.607594132423,0
./data/001/000011.png,0.0,0,0,0,0
./data/001/000012.png,0.0,0,0,0,0
./data/001/000013.png,0.0,0,0,0,0
./data/001/000014.png,0.0,0,0,0,0
./data/001/000015.png,0.0,0,0,0,0
./data/001/000016.png,0.0,0,0,0,0
./data/001/000017.png,0.0,0,0,0,0
./data/001/000018.png,0.0,0,0,0,0
./data/001/000019.png,0.0,0,0,0,0
./data/001/000020.png,0.0,0,0,0,0
./data/001/000021.png,0.0,0,0,0,0
./data/001/000022.png,0.0,0,0,0,0
./data/001/000023.png,0.0,0,0,0,0
./data/001/000024.png,0.0,0,0,0,0
./data/001/000025.png,0.0,0,0,0,0
./data/001/000026.png,0.0,0,0,0,0
./data/001/000027.png,0.0,0,0,0,0
./data/001/000028.png,0.0,0,0,0,0
./data/001/000029.png,0.0,0,0,0,0
./data/001/000030.png,0.0,0,0,0,0
./data/001/000031.png,0.0,0,0,0,0
./data/001/000032.png,0.0,0,0,0,0
./data/001/000033.png,0.0,0,0,0,0
./data/001/000034.png,0.0,0,0,0,0
./data/001/000035.png,0.0,0,0,0,0
./data/001/000036.png,0.0,0,0,0,0
./data/001/000037.png,0.167608506944,0.730412244797,0.501783132553,0.42337423563,0
./data/001/000038.png,0.0,0,0,0,0
./data/001/000039.png,0.151041666667,0.809367001057,0.680966258049,0.331797152758,0
./data/001/000040.png,0.161302083333,0.895624041557,0.673304080963,0.338949859142,0
./data/001/000041.png,0.0,0,0,0,0
./data/001/000042.png,0.0,0,0,0,0
./data/001/000043.png,0.0,0,0,0,0
./data/001/000044.png,0.0,0,0,0,0
./data/001/000045.png,0.0,0,0,0,0
./data/001/000046.png,0.0,0,0,0,0
./data/001/000047.png,0.0,0,0,0,0
./data/001/000048.png,0.0,0,0,0,0
./data/001/000049.png,0.0,0,0,0,0
./data/001/000050.png,0.48048828125,0.900565564632,0.546708881855,0.507004499435,0
./data/001/000051.png,0.401915147569,0.997327446938,0.467638134956,0.422872766852,1
./data/001/000052.png,0.0,0,0,0,0
./data/001/000053.png,0.0,0,0,0,0
./data/001/000054.png,0.0,0,0,0,0
./data/001/000055.png,0.0,0,0,0,0
./data/001/000056.png,0.0,0,0,0,0
./data/001/000057.png,0.0,0,0,0,0
./data/001/000058.png,0.0,0,0,0,0
./data/001/000059.png,0.0,0,0,0,0
./data/001/000060.png,0.0,0,0,0,0
./data/001/000061.png,0.0,0,0,0,0
./data/001/000062.png,0.0,0,0,0,0
./data/001/000063.png,0.0,0,0,0,0
./data/001/000064.png,0.0,0,0,0,0
./data/001/000065.png,0.0,0,0,0,0
./data/001/000066.png,0.79765625,0.74848729372,0.3986120224,0.5,0
./data/001/000067.png,0.0,0,0,0,0
./data/001/000068.png,0.0,0,0,0,0
./data/001/000069.png,0.0,0,0,0,0
./data/001/000070.png,0.0,0,0,0,0
./data/001/000071.png,0.0,0,0,0,0
./data/001/000072.png,0.0,0,0,0,0
./data/001/000073.png,0.0,0,0,0,0
./data/001/000074.png,0.0,0,0,0,0
./data/001/000075.png,0.0,0,0,0,0
./data/001/000076.png,0.0,0,0,0,0
./data/001/000077.png,0.0,0,0,0,0
./data/001/000078.png,0.0,0,0,0,0
./data/001/000079.png,0.0,0,0,0,0
./data/001/000080.png,0.0,0,0,0,0
./data/001/000081.png,0.0,0,0,0,0
./data/001/000082.png,0.0,0,0,0,0
./data/001/000083.png,0.0,0,0,0,0
./data/001/000084.png,0.0,0,0,0,0
./data/001/000085.png,0.0,0,0,0,0
./data/001/000086.png,0.0,0,0,0,0
./data/001/000087.png,0.0,0,0,0,0
./data/001/000088.png,0.0,0,0,0,0
./data/001/000089.png,0.0,0,0,0,0
./data/001/000090.png,0.0,0,0,0,0
./data/001/000091.png,0.0,0,0,0,0
./data/001/000092.png,0.0,0,0,0,0
./data/001/000093.png,0.0,0,0,0,0
./data/001/000094.png,0.0,0,0,0,0
./data/001/000095.png,0.0,0,0,0,0
./data/001/000096.png,0.0,0,0,0,0
./data/001/000097.png,0.0,0,0,0,0
./data/001/000098.png,0.0,0,0,0,0
./data/001/000099.png,0.0,0,0,0,0
./data/001/000100.png,0.0,0,0,0,0
./data/001/000101.png,0.0,0,0,0,0
./data/001/000102.png,0.0,0,0,0,0
./data/001/000103.png,0.0,0,0,0,0
./data/001/000104.png,0.0,0,0,0,0
./data/001/000105.png,0.0,0,0,0,0
./data/001/000106.png,0.0,0,0,0,0
./data/001/000107.png,0.0,0,0,0,0
./data/001/000108.png,0.0,0,0,0,0
./data/001/000109.png,0.0,0,0,0,0
./data/001/000110.png,0.0,0,0,0,0
./data/001/000111.png,0.0,0,0,0,0
./data/001/000112.png,0.0,0,0,0,0
./data/001/000113.png,0.0,0,0,0,0
./data/001/000114.png,0.0,0,0,0,0
./data/001/000115.png,0.0,0,0,0,0
./data/001/000116.png,0.0,0,0,0,0
./data/001/000117.png,0.0,0,0,0,0
./data/001/000118.png,0.0,0,0,0,0
./data/001/000119.png,0.0,0,0,0,0
./data/001/000120.png,0.0,0,0,0,0
./data/001/000121.png,0.0,0,0,0,0
./data/001/000122.png,0.0,0,0,0,0
./data/001/000123.png,0.0,0,0,0,0
./data/001/000124.png,0.0,0,0,0,0
./data/001/000125.png,0.0,0,0,0,0
./data/001/000126.png,0.0,0,0,0,0
./data/001/000127.png,0.0,0,0,0,0
./data/001/000128.png,0.0,0,0,0,0
./data/001/000129.png,0.0,0,0,0,0
./data/001/000130.png,0.0,0,0,0,0
./data/001/000131.png,0.115963541667,0.607940375805,0.422621414065,0.459312915802,0
./data/001/000132.png,0.0,0,0,0,0
./data/001/000133.png,0.0,0,0,0,0
./data/001/000134.png,0.0,0,0,0,0
./data/001/000135.png,0.19595703125,0.982113003731,0.42384955287,0.548626959324,0
./data/001/000136.png,0.0,0,0,0,0
./data/001/000137.png,0.0,0,0,0,0
./data/001/000138.png,0.0,0,0,0,0
./data/001/000139.png,0.0,0,0,0,0
./data/001/000140.png,0.0,0,0,0,0
./data/001/000141.png,0.0,0,0,0,0
./data/001/000142.png,0.0,0,0,0,0
./data/001/000143.png,0.0,0,0,0,0
./data/001/000144.png,0.0,0,0,0,0
./data/001/000145.png,0.0,0,0,0,0
./data/001/000146.png,0.0,0,0,0,0
./data/001/000147.png,0.0,0,0,0,0
./data/001/000148.png,0.0,0,0,0,0
./data/001/000149.png,0.0,0,0,0,0
./data/001/000150.png,0.0,0,0,0,0
./data/001/000151.png,0.0,0,0,0,0
./data/001/000152.png,0.0,0,0,0,0
./data/001/000153.png,0.0,0,0,0,0
./data/001/000154.png,0.0,0,0,0,0
./data/001/000155.png,0.0,0,0,0,0
./data/001/000156.png,0.0,0,0,0,0
./data/001/000157.png,0.0,0,0,0,0
./data/001/000158.png,0.0,0,0,0,0
./data/001/000159.png,0.0,0,0,0,0
./data/001/000160.png,0.0,0,0,0,0
./data/001/000161.png,0.0,0,0,0,0
./data/001/000162.png,0.0,0,0,0,0
./data/001/000163.png,0.0,0,0,0,0
./data/001/000164.png,0.0,0,0,0,0
./data/001/000165.png,0.0,0,0,0,0
./data/001/000166.png,0.330963541667,0.746478617191,0.750758588314,0.378630638123,0
./data/001/000167.png,0.0,0,0,0,0
./data/001/000168.png,0.0,0,0,0,0
./data/001/000169.png,0.0,0,0,0,0
./data/001/000170.png,0.0,0,0,0,0
./data/001/000171.png,0.0,0,0,0,0
./data/001/000172.png,0.0,0,0,0,0
./data/001/000173.png,0.0,0,0,0,0
./data/001/000174.png,0.0,0,0,0,0
./data/001/000175.png,0.0,0,0,0,0
./data/001/000176.png,0.0,0,0,0,0
./data/001/000177.png,0.0,0,0,0,0
./data/001/000178.png,0.0,0,0,0,0
./data/001/000179.png,0.0,0,0,0,0
./data/001/000180.png,0.0,0,0,0,0
./data/001/000181.png,0.0,0,0,0,0
./data/001/000182.png,0.0,0,0,0,0
./data/001/000183.png,0.0,0,0,0,0
./data/001/000184.png,0.0,0,0,0,0
./data/001/000185.png,0.0,0,0,0,0
./data/001/000186.png,0.0,0,0,0,0
./data/001/000187.png,0.0,0,0,0,0
./data/001/000188.png,0.0,0,0,0,0
./data/001/000189.png,0.0,0,0,0,0
./data/001/000190.png,0.0,0,0,0,0
./data/001/000191.png,0.0,0,0,0,0
./data/001/000192.png,0.0,0,0,0,0
./data/001/000193.png,0.0,0,0,0,0
./data/001/000194.png,0.0,0,0,0,0
./data/001/000195.png,0.0,0,0,0,0
./data/001/000196.png,0.0,0,0,0,0
./data/001/000197.png,0.0,0,0,0,0
./data/001/000198.png,0.0,0,0,0,0
./data/001/000199.png,0.0,0,0,0,0
./data/001/000200.png,0.0,0,0,0,0
./data/001/000201.png,0.0,0,0,0,0
./data/001/000202.png,0.0,0,0,0,0
./data/001/000203.png,0.0,0,0,0,0
./data/001/000204.png,0.0,0,0,0,0
./data/001/000205.png,0.0,0,0,0,0
./data/001/000206.png,0.0,0,0,0,0
./data/001/000207.png,0.0,0,0,0,0
./data/001/000208.png,0.0,0,0,0,0
./data/001/000209.png,0.0,0,0,0,0
./data/001/000210.png,0.0,0,0,0,0
./data/001/000211.png,0.0,0,0,0,0
./data/001/000212.png,0.0,0,0,0,0
./data/001/000213.png,0.0,0,0,0,0
./data/001/000214.png,0.0,0,0,0,0
./data/001/000215.png,0.440875651042,0.941490709782,0.51569545269,0.65224699676,0
./data/001/000216.png,0.222452256944,0.827733397484,0.408167935908,0.353373080492,0
./data/001/000217.png,0.0,0,0,0,0
./data/001/000218.png,0.0,0,0,0,0
./data/001/000219.png,0.0,0,0,0,0
./data/001/000220.png,0.0,0,0,0,0
./data/001/000221.png,0.0,0,0,0,0
./data/001/000222.png,0.0,0,0,0,0
./data/001/000223.png,0.0,0,0,0,0
./data/001/000224.png,0.0,0,0,0,0
./data/001/000225.png,0.0,0,0,0,0
./data/001/000226.png,0.0,0,0,0,1
./data/001/000227.png,0.0,0,0,0,1
./data/001/000228.png,0.0,0,0,0,1
./data/001/000229.png,0.489371744792,0.736202716827,0.373738065362,0.508727118373,1
./data/001/000230.png,0.0,0,0,0,1
./data/001/000231.png,0.0,0,0,0,1
./data/001/000232.png,0.0,0,0,0,1
./data/001/000233.png,0.0,0,0,0,1
./data/001/000234.png,0.0,0,0,0,1
./data/001/000235.png,0.0,0,0,0,1
./data/001/000236.png,0.0,0,0,0,1
./data/001/000237.png,0.0,0,0,0,1
./data/001/000238.png,0.0,0,0,0,1
./data/001/000239.png,0.0,0,0,0,1
./data/001/000240.png,0.0,0,0,0,1
./data/001/000241.png,0.0,0,0,0,1
./data/001/000242.png,0.0,0,0,0,1
./data/001/000243.png,0.0,0,0,0,0
./data/001/000244.png,0.0,0,0,0,0
./data/001/000245.png,0.0,0,0,0,0
./data/001/000246.png,0.0,0,0,0,0
./data/001/000247.png,0.0,0,0,0,0
./data/001/000248.png,0.0,0,0,0,0
./data/001/000249.png,0.0,0,0,0,0
./data/001/000250.png,0.0,0,0,0,0
./data/001/000251.png,0.0,0,0,0,0
./data/001/000252.png,0.0,0,0,0,0
./data/001/000253.png,0.0,0,0,0,0
./data/001/000254.png,0.0,0,0,0,0
./data/001/000255.png,0.0,0,0,0,0
./data/001/000256.png,0.0,0,0,0,0
./data/001/000257.png,0.0,0,0,0,0
./data/001/000258.png,0.0,0,0,0,0
./data/001/000259.png,0.0,0,0,0,0
./data/001/000260.png,0.0,0,0,0,0
./data/001/000261.png,0.0,0,0,0,0
./data/001/000262.png,0.0,0,0,0,0
./data/001/000263.png,0.0,0,0,0,0
./data/001/000264.png,0.0,0,0,0,0
./data/001/000265.png,0.0,0,0,0,0
./data/001/000266.png,0.0,0,0,0,0
./data/001/000267.png,0.765670572917,0.915088772774,0.520685687661,0.46257288754,0
./data/001/000268.png,0.447138671875,0.956310689449,0.672873079777,0.463361769915,0
./data/001/000269.png,0.532022569444,0.972530424595,0.700048014522,0.520777836442,0
./data/001/000270.png,0.0,0,0,0,0
./data/001/000271.png,0.0,0,0,0,0
./data/001/000272.png,0.0,0,0,0,0
./data/001/000273.png,0.0,0,0,0,0
./data/001/000274.png,0.584965277778,0.716214418411,0.531638920307,0.622778177261,0
./data/001/000275.png,0.0,0,0,0,0
./data/001/000276.png,0.640537109375,0.975383102894,0.612034216523,0.568513169885,0
./data/001/000277.png,0.0,0,0,0,0
./data/001/000278.png,0.0,0,0,0,0
./data/001/000279.png,0.0,0,0,0,0
./data/001/000280.png,0.0,0,0,0,0
./data/001/000281.png,0.0,0,0,0,0
./data/001/000282.png,0.0,0,0,0,0
./data/001/000283.png,0.0,0,0,0,0
./data/001/000284.png,0.0,0,0,0,0
./data/001/000285.png,0.0,0,0,0,0
./data/001/000286.png,0.0,0,0,0,0
./data/001/000287.png,0.0,0,0,0,0
./data/001/000288.png,0.0,0,0,0,0
./data/001/000289.png,0.0,0,0,0,0
./data/001/000290.png,0.0,0,0,0,0
./data/001/000291.png,0.0,0,0,0,0
./data/001/000292.png,0.0,0,0,0,0
./data/001/000293.png,0.0,0,0,0,0
./data/001/000294.png,0.0,0,0,0,0
./data/001/000295.png,0.0,0,0,0,0
./data/001/000296.png,0.0,0,0,0,0
./data/001/000297.png,0.0,0,0,0,0
./data/001/000298.png,0.0,0,0,0,0
./data/001/000299.png,0.0,0,0,0,0
./data/001/000300.png,0.0,0,0,0,0
./data/001/000301.png,0.0,0,0,0,0
./data/001/000302.png,0.0,0,0,0,0
./data/001/000303.png,0.0,0,0,0,0
./data/001/000304.png,0.0,0,0,0,0
./data/001/000305.png,0.0,0,0,0,0
./data/001/000306.png,0.0,0,0,0,0
./data/001/000307.png,0.0,0,0,0,0
./data/001/000308.png,0.0,0,0,0,0
./data/001/000309.png,0.0,0,0,0,0
./data/001/000310.png,0.0,0,0,0,0
./data/001/000311.png,0.0,0,0,0,0
./data/001/000312.png,0.0,0,0,0,0
./data/001/000313.png,0.0,0,0,0,0
./data/001/000314.png,0.0,0,0,0,0
./data/001/000315.png,0.0,0,0,0,0
./data/001/000316.png,0.0,0,0,0,0
./data/001/000317.png,0.0,0,0,0,0
./data/001/000318.png,0.0,0,0,0,0
./data/001/000319.png,0.0,0,0,0,0
./data/001/000320.png,0.0,0,0,0,0
./data/001/000321.png,0.0,0,0,0,0
./data/001/000322.png,0.0,0,0,0,0
./data/001/000323.png,0.390266927083,0.715608775616,0.431885659695,0.498667135835,1
./data/001/000324.png,0.0,0,0,0,1
./data/001/000325.png,0.396985677083,0.88352560997,0.53458148241,0.481808021665,0
./data/001/000326.png,0.386762152778,0.852522373199,0.550010427833,0.468952819705,0
./data/001/000327.png,0.0,0,0,0,0
./data/001/000328.png,0.0,0,0,0,0
./data/001/000329.png,0.0,0,0,0,0
./data/001/000330.png,0.0,0,0,0,0
./data/001/000331.png,0.0,0,0,0,0
./data/001/000332.png,0.0,0,0,0,0
./data/001/000333.png,0.624232855903,0.992309451103,0.633896961808,0.507453560829,1
./data/001/000334.png,0.456507161458,0.987256646156,0.605878770351,0.500506833196,1
./data/001/000335.png,0.0,0,0,0,0
./data/001/000336.png,0.578842230903,0.987406671047,0.54648244381,0.499126583338,1
./data/001/000337.png,0.684869791667,0.99731785059,0.497112646699,0.495762452483,1
./data/001/000338.png,0.60638671875,0.99880874157,0.459133207798,0.500756263733,1
./data/001/000339.png,0.0,0,0,0,0
./data/001/000340.png,0.57568359375,0.966589272022,0.410145163536,0.468436345458,0
./data/001/000341.png,0.684968532986,0.78671681881,0.469075217843,0.4518404603,1
./data/001/000342.png,0.814303385417,0.992730915546,0.449292719364,0.472628504038,1
./data/001/000343.png,0.627200520833,0.998256623745,0.422616437078,0.471212700009,1
./data/001/000344.png,0.691548394097,0.992306411266,0.401998743415,0.475945219398,0
./data/001/000345.png,0.0,0,0,0,0
./data/001/000346.png,0.0,0,0,0,0
./data/001/000347.png,0.228869357639,0.875070810318,0.404034204781,0.690583691001,0
./data/001/000348.png,0.0,0,0,0,0
./data/001/000349.png,0.0,0,0,0,0
./data/001/000350.png,0.0,0,0,0,0
./data/001/000351.png,0.684401041667,0.922274410725,0.57529348135,0.517562702298,0
./data/001/000352.png,0.508192274306,0.987571954727,0.576733827591,0.638008251786,0
./data/001/000353.png,0.381842447917,0.976491630077,0.528281822801,0.569389939308,1
./data/001/000354.png,0.447848307292,0.993341624737,0.51198130846,0.613524734974,1
./data/001/000355.png,0.61578125,0.982595682144,0.537240803242,0.572159051895,1
./data/001/000356.png,0.629698350694,0.992996871471,0.507856070995,0.506185948849,1
./data/001/000357.png,0.692477213542,0.997090816498,0.504303351045,0.499215126038,1
./data/001/000358.png,0.0,0,0,0,0
./data/001/000359.png,0.511041666667,0.997922837734,0.512258723378,0.521531239152,0
./data/001/000360.png,0.0,0,0,0,0
./data/001/000361.png,0.482725694444,0.995765089989,0.499937817454,0.627875357866,0
./data/001/000362.png,0.0,0,0,0,0
./data/001/000363.png,0.450416666667,0.628371953964,0.445288792253,0.602749213576,0
./data/001/000364.png,0.0,0,0,0,0
./data/001/000365.png,0.74427734375,0.996656060219,0.544656336308,0.498622179031,1
./data/001/000366.png,0.634735243056,0.628005802631,0.575505495071,0.501874580979,1
./data/001/000367.png,0.0,0,0,0,0
./data/001/000368.png,0.531384548611,0.992382705212,0.546015739441,0.521715506911,0
./data/001/000369.png,0.52529296875,0.712971746922,0.455244019628,0.653137207031,0
./data/001/000370.png,0.791015625,0.696031928062,0.439183831215,0.535746872425,0
./data/001/000371.png,0.751860894097,0.949620902538,0.418288707733,0.500301539898,0
./data/001/000372.png,0.68115234375,0.979192018509,0.47450466454,0.515904307365,1
./data/001/000373.png,0.562165798611,0.919577121735,0.364322111011,0.496079295874,1
./data/001/000374.png,0.533544921875,0.976942420006,0.358005270362,0.517005503178,1
./data/001/000375.png,0.0,0,0,0,0
./data/001/000376.png,0.676462673611,0.993233978748,0.554077908397,0.562381461263,1
./data/001/000377.png,0.0,0,0,0,0
./data/001/000378.png,0.0,0,0,0,0
./data/001/000379.png,0.0,0,0,0,0
./data/001/000380.png,0.720546875,0.9565294981,0.505872309208,0.617311879992,0
./data/001/000381.png,0.563244357639,0.630200088024,0.517274394631,0.680485472083,0
./data/001/000382.png,0.7134765625,0.894773960114,0.528115913272,0.601496815681,0
./data/001/000383.png,0.0,0,0,0,0
./data/001/000384.png,0.6925,0.964934289455,0.547080740333,0.595522150397,0
./data/001/000385.png,0.506272786458,0.879471242428,0.477678656578,0.614298447967,1
./data/001/000386.png,0.344118923611,0.967548310757,0.425282217562,0.632157638669,0
./data/001/000387.png,0.756024305556,0.806019157171,0.501528695226,0.500211834908,0
./data/001/000388.png,0.0,0,0,0,0
./data/001/000389.png,0.603993055556,0.81216108799,0.610939025879,0.609602943063,0
./data/001/000390.png,0.162868923611,0.671434223652,0.586305603385,0.364837154746,1
./data/001/000391.png,0.289296875,0.658010840416,0.496723532677,0.347252219915,1
./data/001/000392.png,0.16875,0.856445491314,0.52965170145,0.36236448586,1
./data/001/000393.png,0.2525,0.704580008984,0.644743263721,0.319613307714,1
./data/001/000394.png,0.0,0,0,0,0
./data/001/000395.png,0.0,0,0,0,0
./data/001/000396.png,0.575814887153,0.979626595974,0.531725272536,0.451278910041,0
./data/001/000397.png,0.554650607639,0.993711948395,0.53814715147,0.423251628876,0
./data/001/000398.png,0.576822916667,0.998276114464,0.510183140635,0.437312245369,1
./data/001/000399.png,0.0,0,0,0,0
./data/001/000400.png,0.0,0,0,0,0
./data/001/000401.png,0.0,0,0,0,0
./data/001/000402.png,0.0,0,0,0,0
./data/001/000403.png,0.0,0,0,0,0
./data/001/000404.png,0.0,0,0,0,0
./data/001/000405.png,0.0,0,0,0,0
./data/001/000406.png,0.0,0,0,0,0
./data/001/000407.png,0.0,0,0,0,0
./data/001/000408.png,0.0,0,0,0,0
./data/001/000409.png,0.0,0,0,0,0
./data/001/000410.png,0.0,0,0,0,0
./data/001/000411.png,0.0,0,0,0,0
./data/001/000412.png,0.0,0,0,0,0
./data/001/000413.png,0.0,0,0,0,0
./data/001/000414.png,0.0,0,0,0,0
./data/001/000415.png,0.0,0,0,0,0
./data/001/000416.png,0.0,0,0,0,0
./data/001/000417.png,0.0,0,0,0,0
./data/001/000418.png,0.0,0,0,0,0
./data/001/000419.png,0.0,0,0,0,0
./data/001/000420.png,0.0,0,0,0,0
./data/001/000421.png,0.0,0,0,0,0
./data/001/000422.png,0.0,0,0,0,0
./data/001/000423.png,0.0,0,0,0,0
./data/001/000424.png,0.0,0,0,0,0
./data/001/000425.png,0.0,0,0,0,0
./data/001/000426.png,0.0,0,0,0,0
./data/001/000427.png,0.0,0,0,0,0
./data/001/000428.png,0.0,0,0,0,0
./data/001/000429.png,0.0,0,0,0,0
./data/001/000430.png,0.0,0,0,0,0
./data/001/000431.png,0.0,0,0,0,0
./data/001/000432.png,0.0,0,0,0,0
./data/001/000433.png,0.0,0,0,0,0
./data/001/000434.png,0.0,0,0,0,0
./data/001/000435.png,0.0,0,0,0,0
./data/001/000436.png,0.0,0,0,0,0
./data/001/000437.png,0.0,0,0,0,0
./data/001/000438.png,0.0,0,0,0,0
./data/001/000439.png,0.0,0,0,0,0
./data/001/000440.png,0.0,0,0,0,0
./data/001/000441.png,0.0,0,0,0,0
./data/001/000442.png,0.341227213542,0.815026581287,0.594189941883,0.510198697448,0
./data/001/000443.png,0.0,0,0,0,0
./data/001/000444.png,0.0,0,0,0,0
./data/001/000445.png,0.294622395833,0.706006169319,0.549506723881,0.644129037857,0
./data/001/000446.png,0.0814615885417,0.835756063461,0.166545629501,0.135283648968,0
./data/001/000447.png,0.0,0,0,0,0
./data/001/000448.png,0.0,0,0,0,0
./data/001/000449.png,0.0,0,0,0,0
./data/001/000450.png,0.0,0,0,0,0
./data/001/000451.png,0.0,0,0,0,0
./data/001/000452.png,0.0,0,0,0,0
./data/001/000453.png,0.0,0,0,0,0
./data/001/000454.png,0.0,0,0,0,0
./data/001/000455.png,0.0,0,0,0,0
./data/001/000456.png,0.0,0,0,0,0
./data/001/000457.png,0.0,0,0,0,0
./data/001/000458.png,0.0,0,0,0,0
./data/001/000459.png,0.0,0,0,0,0
./data/001/000460.png,0.0,0,0,0,0
./data/001/000461.png,0.0,0,0,0,0
./data/001/000462.png,0.0,0,0,0,0
./data/001/000463.png,0.175930989583,0.993445158005,0.212398827076,0.646170243621,0
./data/001/000464.png,0.378916015625,0.647898852825,0.367572024465,0.418513730168,0
./data/001/000465.png,0.557297092014,0.667903482914,0.389677613974,0.482125282288,0
./data/001/000466.png,0.0,0,0,0,0
./data/001/000467.png,0.0,0,0,0,0
./data/001/000468.png,0.0,0,0,0,0
./data/001/000469.png,0.0,0,0,0,0
./data/001/000470.png,0.7765625,0.730017244816,0.395181298256,0.5,0
./data/001/000471.png,0.545390625,0.999748647213,0.495335146785,0.497663989663,0
./data/001/000472.png,0.561657986111,0.999896645546,0.504375442863,0.498521924019,0
./data/001/000473.png,0.429244791667,0.99872726202,0.524377465248,0.467730820179,1
./data/001/000474.png,0.355631510417,0.998778402805,0.517204523087,0.47284860909,1
./data/001/000475.png,0.281488715278,0.991510570049,0.536065533757,0.513727560639,1
./data/001/000476.png,0.327376302083,0.994629502296,0.519236505032,0.47538600862,1
./data/001/000477.png,0.393865017361,0.998422384262,0.515191435814,0.473427131772,1
./data/001/000478.png,0.480538194444,0.984452366829,0.537858843803,0.494592323899,1
./data/001/000479.png,0.441145833333,0.869044005871,0.47319521755,0.499974429607,1
./data/001/000480.png,0.0,0,0,0,0
./data/001/000481.png,0.497677951389,0.999881505966,0.485883772373,0.50256292522,1
./data/001/000482.png,0.503190104167,0.999790608883,0.498047858477,0.493016272783,1
./data/001/000483.png,0.58203125,0.966574251652,0.513728320599,0.5,0
./data/001/000484.png,0.61546875,0.968757867813,0.602860674262,0.504361748695,0
./data/001/000485.png,0.697421875,0.956274151802,0.581046685576,0.495035007596,1
./data/001/000486.png,0.778982204861,0.987061321735,0.572064518929,0.483626723289,1
./data/001/000487.png,0.78359375,0.985807418823,0.535325586796,0.5,1
./data/001/000488.png,0.690299479167,0.999162077904,0.440547794104,0.500082492828,1
./data/001/000489.png,0.5993359375,0.999835371971,0.457140997052,0.501610204577,1
./data/001/000490.png,0.0,0,0,0,0
./data/001/000491.png,0.0,0,0,0,0
